mtllib 3.10.2024.mtl
v 0.820199 -1.441558 2.296613
v 0.820199 -1.441558 2.296613
v 0.820199 -1.441558 2.296613
v 0.820199 1.135876 2.296613
v 0.820199 1.135876 2.296613
v 0.820199 1.135876 2.296613
v 0.808363 -1.441558 2.284392
v 0.808363 -1.441558 2.284392
v 0.808363 -1.441558 2.284392
v 0.808363 1.135876 2.284392
v 0.808363 1.135876 2.284392
v 2.265781 -1.441558 0.896554
v 2.265781 -1.441558 0.896554
v 2.265781 -1.441558 0.896554
v 2.265781 1.135877 0.896554
v 2.265781 1.135877 0.896554
v 2.265781 1.135877 0.896554
v 2.253946 -1.441558 0.884334
v 2.253946 -1.441558 0.884334
v 2.253946 -1.441558 0.884334
v 2.253945 1.135877 0.884334
v 2.253945 1.135877 0.884334
v 1.532013 -1.441558 1.583531
v 1.532013 -1.441558 1.583531
v 1.537568 -1.441558 1.578151
v 1.537568 -1.441558 1.578151
v 1.537568 1.135876 1.578151
v 1.537568 1.135876 1.578151
v 1.537568 1.135876 1.578151
v 1.532013 1.135876 1.583532
v 1.532013 1.135876 1.583532
v 1.532013 1.135876 1.583532
v 1.549404 -1.441558 1.590371
v 1.549404 -1.441558 1.590371
v 1.543849 -1.441558 1.595752
v 1.543849 -1.441558 1.595752
v 1.543848 1.135876 1.595752
v 1.543848 1.135876 1.595752
v 1.549404 1.135876 1.590372
v 1.549404 1.135876 1.590372
v 2.252945 -1.338209 0.883300
v 2.252945 -1.338209 0.883300
v 2.252945 -1.338209 0.883300
v 1.536567 -1.338210 1.577118
v 1.536567 -1.338210 1.577118
v 1.536567 -1.338210 1.577118
v 0.807362 -1.338765 2.283359
v 0.807362 -1.338765 2.283359
v 0.807362 -1.338765 2.283359
v 0.807362 0.141253 2.283359
v 0.807362 0.141253 2.283359
v 0.807362 0.141253 2.283359
v 1.532013 -1.338765 1.583531
v 1.532013 -1.338765 1.583531
v 1.532013 -1.338765 1.583531
v 1.543849 -1.338765 1.595752
v 0.808363 -1.338765 2.284392
v 0.808363 -1.338765 2.284392
v 0.808363 -1.338765 2.284392
v 0.820199 -1.338765 2.296613
v 0.820199 -1.338765 2.296613
v 1.549404 -1.338210 1.590371
v 1.537568 -1.338210 1.578151
v 1.537568 -1.338210 1.578151
v 1.537568 -1.338210 1.578151
v 2.265781 -1.338209 0.896554
v 2.265781 -1.338209 0.896554
v 2.253946 -1.338209 0.884334
v 2.253946 -1.338209 0.884334
v 2.253946 -1.338209 0.884334
v 0.820199 0.190525 2.296613
v 0.820199 0.190525 2.296613
v 0.820199 0.141253 2.296613
v 0.820199 0.141253 2.296613
v 0.808363 0.141253 2.284392
v 0.808363 0.141253 2.284392
v 0.808363 0.141253 2.284392
v 0.808363 0.190525 2.284392
v 0.808363 0.190525 2.284392
v 0.808363 0.190525 2.284392
v 1.543849 0.190525 1.595752
v 1.543849 0.141253 1.595752
v 1.532013 0.190525 1.583531
v 1.532013 0.190525 1.583531
v 1.532013 0.190525 1.583531
v 1.532013 0.141253 1.583531
v 1.532013 0.141253 1.583531
v 1.532013 0.141253 1.583531
v 2.253946 -0.066988 0.884334
v 2.253946 -0.066988 0.884334
v 2.253946 -0.066988 0.884334
v 2.253946 -0.122245 0.884334
v 2.253946 -0.122245 0.884334
v 2.253946 -0.122245 0.884334
v 2.265781 -0.122245 0.896554
v 2.265781 -0.122245 0.896554
v 2.265781 -0.066988 0.896554
v 2.265781 -0.066988 0.896554
v 1.549404 -0.122245 1.590371
v 1.549404 -0.066988 1.590371
v 1.537568 -0.066988 1.578151
v 1.537568 -0.066988 1.578151
v 1.537568 -0.066988 1.578151
v 1.537568 -0.122245 1.578151
v 1.537568 -0.122245 1.578151
v 1.537568 -0.122245 1.578151
v 0.820199 0.674635 2.296613
v 0.820199 0.674635 2.296613
v 0.820199 0.625364 2.296613
v 0.820199 0.625364 2.296613
v 1.532013 0.625364 1.583532
v 1.532013 0.625364 1.583532
v 1.532013 0.625364 1.583532
v 1.532013 0.674636 1.583532
v 1.532013 0.674636 1.583532
v 1.532013 0.674636 1.583532
v 0.808363 0.625364 2.284392
v 0.808363 0.625364 2.284392
v 0.808363 0.625364 2.284392
v 0.808363 0.674635 2.284392
v 0.808363 0.674635 2.284392
v 0.808363 0.674635 2.284392
v 1.543849 0.674636 1.595752
v 1.543849 0.625364 1.595752
v 0.807362 1.135876 2.283359
v 0.807362 1.135876 2.283359
v 0.807362 1.135876 2.283359
v 1.531012 1.135876 1.582498
v 1.531012 1.135876 1.582498
v 1.531012 1.135876 1.582498
v 1.536567 1.135876 1.577118
v 1.536567 1.135876 1.577118
v 1.536567 1.135876 1.577118
v 2.252945 1.135877 0.883301
v 2.252945 1.135877 0.883301
v 2.252945 1.135877 0.883301
v 1.531012 -1.338765 1.582498
v 1.531012 -1.338765 1.582498
v 1.531012 -1.338765 1.582498
v 1.531012 0.141253 1.582498
v 1.531012 0.141253 1.582498
v 1.531012 0.141253 1.582498
v 0.807362 0.190525 2.283359
v 0.807362 0.190525 2.283359
v 0.807362 0.190525 2.283359
v 1.531012 0.190525 1.582498
v 1.531012 0.190525 1.582498
v 1.531012 0.190525 1.582498
v 1.536567 -0.066988 1.577118
v 1.536567 -0.066988 1.577118
v 1.536567 -0.066988 1.577118
v 2.252945 -0.066988 0.883300
v 2.252945 -0.066988 0.883300
v 2.252945 -0.066988 0.883300
v 2.252945 -0.122245 0.883300
v 2.252945 -0.122245 0.883300
v 2.252945 -0.122245 0.883300
v 1.536567 -0.122245 1.577118
v 1.536567 -0.122245 1.577118
v 1.536567 -0.122245 1.577118
v 0.807362 0.674635 2.283359
v 0.807362 0.674635 2.283359
v 0.807362 0.674635 2.283359
v 1.531012 0.674636 1.582498
v 1.531012 0.674636 1.582498
v 1.531012 0.674636 1.582498
v 1.531012 0.625364 1.582498
v 1.531012 0.625364 1.582498
v 1.531012 0.625364 1.582498
v 0.807362 0.625364 2.283359
v 0.807362 0.625364 2.283359
v 0.807362 0.625364 2.283359
v 1.179947 -0.066282 1.920352
v 1.171122 -0.061754 1.928898
v 1.171491 -0.061754 1.929278
v 1.171491 -0.061754 1.929278
v 1.171491 -0.061754 1.929278
v 1.172909 -0.061754 1.930743
v 1.172909 -0.061754 1.930743
v 1.172909 -0.061754 1.930743
v 1.180315 -0.066282 1.920732
v 1.180315 -0.066282 1.920732
v 1.180315 -0.066282 1.920732
v 1.181734 -0.066282 1.922197
v 1.181734 -0.066282 1.922197
v 1.181734 -0.066282 1.922197
v 1.183970 -0.077215 1.917192
v 1.183970 -0.077215 1.917192
v 1.183970 -0.077215 1.917192
v 1.185389 -0.077215 1.918657
v 1.185389 -0.077215 1.918657
v 1.185389 -0.077215 1.918657
v 1.180315 -0.088148 1.920732
v 1.180315 -0.088148 1.920732
v 1.180315 -0.088148 1.920732
v 1.181734 -0.088148 1.922197
v 1.181734 -0.088148 1.922197
v 1.181734 -0.088148 1.922197
v 1.171491 -0.092677 1.929278
v 1.171491 -0.092677 1.929278
v 1.171491 -0.092677 1.929278
v 1.172909 -0.092677 1.930743
v 1.172909 -0.092677 1.930743
v 1.172909 -0.092677 1.930743
v 1.162666 -0.088148 1.937825
v 1.162666 -0.088148 1.937825
v 1.162666 -0.088148 1.937825
v 1.164085 -0.088148 1.939289
v 1.164085 -0.088148 1.939289
v 1.164085 -0.088148 1.939289
v 1.159011 -0.077215 1.941365
v 1.159011 -0.077215 1.941365
v 1.159011 -0.077215 1.941365
v 1.160430 -0.077215 1.942829
v 1.160430 -0.077215 1.942829
v 1.160430 -0.077215 1.942829
v 1.162666 -0.066282 1.937825
v 1.162666 -0.066282 1.937825
v 1.162666 -0.066282 1.937825
v 1.164085 -0.066282 1.939289
v 1.164085 -0.066282 1.939289
v 1.164085 -0.066282 1.939289
v 1.183602 -0.077215 1.916811
v 1.179947 -0.088148 1.920352
v 1.171122 -0.092677 1.928898
v 1.162298 -0.088148 1.937444
v 1.158643 -0.077215 1.940984
v 1.162298 -0.066282 1.937444
v 1.190146 -0.100329 1.911210
v 1.190146 -0.100329 1.911210
v 1.190146 -0.100329 1.911210
v 1.189888 -0.100329 1.910943
v 1.189888 -0.100329 1.910943
v 1.189888 -0.100329 1.910943
v 1.152576 -0.054102 1.947079
v 1.152576 -0.054102 1.947079
v 1.152576 -0.054102 1.947079
v 1.152835 -0.054102 1.947346
v 1.152835 -0.054102 1.947346
v 1.152835 -0.054102 1.947346
v 1.171491 -0.044528 1.929278
v 1.171491 -0.044528 1.929278
v 1.171491 -0.044528 1.929278
v 1.190146 -0.054102 1.911210
v 1.190146 -0.054102 1.911210
v 1.190146 -0.054102 1.911210
v 1.171232 -0.044528 1.929011
v 1.171232 -0.044528 1.929011
v 1.171232 -0.044528 1.929011
v 1.144849 -0.077215 1.954563
v 1.144849 -0.077215 1.954563
v 1.144849 -0.077215 1.954563
v 1.145108 -0.077215 1.954830
v 1.145108 -0.077215 1.954830
v 1.145108 -0.077215 1.954830
v 1.197874 -0.077215 1.903726
v 1.197874 -0.077215 1.903726
v 1.197874 -0.077215 1.903726
v 1.152576 -0.100329 1.947079
v 1.152576 -0.100329 1.947079
v 1.152576 -0.100329 1.947079
v 1.197615 -0.077215 1.903459
v 1.197615 -0.077215 1.903459
v 1.197615 -0.077215 1.903459
v 1.171232 -0.109903 1.929011
v 1.171232 -0.109903 1.929011
v 1.171232 -0.109903 1.929011
v 1.171491 -0.109903 1.929278
v 1.171491 -0.109903 1.929278
v 1.171491 -0.109903 1.929278
v 1.189888 -0.054102 1.910943
v 1.189888 -0.054102 1.910943
v 1.189888 -0.054102 1.910943
v 1.152835 -0.100329 1.947346
v 1.152835 -0.100329 1.947346
v 1.152835 -0.100329 1.947346
v 1.179947 0.417505 1.920352
v 1.171122 0.422034 1.928898
v 1.171491 0.422034 1.929278
v 1.171491 0.422034 1.929278
v 1.171491 0.422034 1.929278
v 1.172909 0.422034 1.930743
v 1.172909 0.422034 1.930743
v 1.172909 0.422034 1.930743
v 1.180315 0.417505 1.920732
v 1.180315 0.417505 1.920732
v 1.180315 0.417505 1.920732
v 1.181734 0.417505 1.922197
v 1.181734 0.417505 1.922197
v 1.181734 0.417505 1.922197
v 1.183970 0.406572 1.917192
v 1.183970 0.406572 1.917192
v 1.183970 0.406572 1.917192
v 1.185389 0.406572 1.918657
v 1.185389 0.406572 1.918657
v 1.185389 0.406572 1.918657
v 1.180315 0.395640 1.920732
v 1.180315 0.395640 1.920732
v 1.180315 0.395640 1.920732
v 1.181734 0.395640 1.922197
v 1.181734 0.395640 1.922197
v 1.181734 0.395640 1.922197
v 1.171491 0.391111 1.929278
v 1.171491 0.391111 1.929278
v 1.171491 0.391111 1.929278
v 1.172909 0.391111 1.930743
v 1.172909 0.391111 1.930743
v 1.172909 0.391111 1.930743
v 1.162666 0.395640 1.937825
v 1.162666 0.395640 1.937825
v 1.162666 0.395640 1.937825
v 1.164085 0.395640 1.939289
v 1.164085 0.395640 1.939289
v 1.164085 0.395640 1.939289
v 1.159011 0.406572 1.941365
v 1.159011 0.406572 1.941365
v 1.159011 0.406572 1.941365
v 1.160430 0.406572 1.942829
v 1.160430 0.406572 1.942829
v 1.160430 0.406572 1.942829
v 1.162666 0.417505 1.937825
v 1.162666 0.417505 1.937825
v 1.162666 0.417505 1.937825
v 1.164085 0.417505 1.939289
v 1.164085 0.417505 1.939289
v 1.164085 0.417505 1.939289
v 1.183602 0.406572 1.916811
v 1.179947 0.395640 1.920352
v 1.171122 0.391111 1.928898
v 1.162298 0.395640 1.937444
v 1.158643 0.406572 1.940984
v 1.162298 0.417505 1.937444
v 1.190146 0.383459 1.911210
v 1.190146 0.383459 1.911210
v 1.190146 0.383459 1.911210
v 1.189888 0.383459 1.910943
v 1.189888 0.383459 1.910943
v 1.189888 0.383459 1.910943
v 1.152576 0.429686 1.947079
v 1.152576 0.429686 1.947079
v 1.152576 0.429686 1.947079
v 1.152835 0.429686 1.947346
v 1.152835 0.429686 1.947346
v 1.152835 0.429686 1.947346
v 1.171491 0.439260 1.929278
v 1.171491 0.439260 1.929278
v 1.171491 0.439260 1.929278
v 1.190146 0.429686 1.911210
v 1.190146 0.429686 1.911210
v 1.190146 0.429686 1.911210
v 1.171232 0.439260 1.929011
v 1.171232 0.439260 1.929011
v 1.171232 0.439260 1.929011
v 1.144849 0.406572 1.954563
v 1.144849 0.406572 1.954563
v 1.144849 0.406572 1.954563
v 1.145108 0.406572 1.954830
v 1.145108 0.406572 1.954830
v 1.145108 0.406572 1.954830
v 1.197874 0.406572 1.903726
v 1.197874 0.406572 1.903726
v 1.197874 0.406572 1.903726
v 1.152576 0.383459 1.947079
v 1.152576 0.383459 1.947079
v 1.152576 0.383459 1.947079
v 1.197615 0.406572 1.903459
v 1.197615 0.406572 1.903459
v 1.197615 0.406572 1.903459
v 1.171232 0.373885 1.929011
v 1.171232 0.373885 1.929011
v 1.171232 0.373885 1.929011
v 1.171491 0.373885 1.929278
v 1.171491 0.373885 1.929278
v 1.171491 0.373885 1.929278
v 1.189888 0.429686 1.910943
v 1.189888 0.429686 1.910943
v 1.189888 0.429686 1.910943
v 1.152835 0.383459 1.947346
v 1.152835 0.383459 1.947346
v 1.152835 0.383459 1.947346
v 1.179946 0.921898 1.920352
v 1.171122 0.926427 1.928898
v 1.171491 0.926427 1.929278
v 1.171491 0.926427 1.929278
v 1.171491 0.926427 1.929278
v 1.172909 0.926427 1.930743
v 1.172909 0.926427 1.930743
v 1.172909 0.926427 1.930743
v 1.180315 0.921898 1.920732
v 1.180315 0.921898 1.920732
v 1.180315 0.921898 1.920732
v 1.181734 0.921898 1.922197
v 1.181734 0.921898 1.922197
v 1.181734 0.921898 1.922197
v 1.183970 0.910966 1.917192
v 1.183970 0.910966 1.917192
v 1.183970 0.910966 1.917192
v 1.185389 0.910966 1.918657
v 1.185389 0.910966 1.918657
v 1.185389 0.910966 1.918657
v 1.180315 0.900033 1.920732
v 1.180315 0.900033 1.920732
v 1.180315 0.900033 1.920732
v 1.181734 0.900033 1.922197
v 1.181734 0.900033 1.922197
v 1.181734 0.900033 1.922197
v 1.171491 0.895504 1.929278
v 1.171491 0.895504 1.929278
v 1.171491 0.895504 1.929278
v 1.172909 0.895504 1.930743
v 1.172909 0.895504 1.930743
v 1.172909 0.895504 1.930743
v 1.162666 0.900033 1.937825
v 1.162666 0.900033 1.937825
v 1.162666 0.900033 1.937825
v 1.164085 0.900033 1.939289
v 1.164085 0.900033 1.939289
v 1.164085 0.900033 1.939289
v 1.159011 0.910966 1.941365
v 1.159011 0.910966 1.941365
v 1.159011 0.910966 1.941365
v 1.160430 0.910966 1.942829
v 1.160430 0.910966 1.942829
v 1.160430 0.910966 1.942829
v 1.162666 0.921898 1.937825
v 1.162666 0.921898 1.937825
v 1.162666 0.921898 1.937825
v 1.164085 0.921898 1.939289
v 1.164085 0.921898 1.939289
v 1.164085 0.921898 1.939289
v 1.183601 0.910966 1.916812
v 1.179946 0.900033 1.920352
v 1.171122 0.895504 1.928898
v 1.162298 0.900033 1.937444
v 1.158643 0.910966 1.940984
v 1.162298 0.921898 1.937444
v 1.190146 0.887852 1.911210
v 1.190146 0.887852 1.911210
v 1.190146 0.887852 1.911210
v 1.189888 0.887852 1.910943
v 1.189888 0.887852 1.910943
v 1.189888 0.887852 1.910943
v 1.152576 0.934079 1.947079
v 1.152576 0.934079 1.947079
v 1.152576 0.934079 1.947079
v 1.152835 0.934079 1.947346
v 1.152835 0.934079 1.947346
v 1.152835 0.934079 1.947346
v 1.171491 0.943653 1.929278
v 1.171491 0.943653 1.929278
v 1.171491 0.943653 1.929278
v 1.190146 0.934079 1.911210
v 1.190146 0.934079 1.911210
v 1.190146 0.934079 1.911210
v 1.171232 0.943653 1.929011
v 1.171232 0.943653 1.929011
v 1.171232 0.943653 1.929011
v 1.144849 0.910966 1.954563
v 1.144849 0.910966 1.954563
v 1.144849 0.910966 1.954563
v 1.145108 0.910966 1.954831
v 1.145108 0.910966 1.954831
v 1.145108 0.910966 1.954831
v 1.197874 0.910966 1.903726
v 1.197874 0.910966 1.903726
v 1.197874 0.910966 1.903726
v 1.152576 0.887852 1.947079
v 1.152576 0.887852 1.947079
v 1.152576 0.887852 1.947079
v 1.197615 0.910966 1.903459
v 1.197615 0.910966 1.903459
v 1.197615 0.910966 1.903459
v 1.171232 0.878278 1.929011
v 1.171232 0.878278 1.929011
v 1.171232 0.878278 1.929011
v 1.171491 0.878278 1.929278
v 1.171491 0.878278 1.929278
v 1.171491 0.878278 1.929278
v 1.189888 0.934079 1.910943
v 1.189888 0.934079 1.910943
v 1.189888 0.934079 1.910943
v 1.152835 0.887852 1.947346
v 1.152835 0.887852 1.947346
v 1.152835 0.887852 1.947346
v 1.570696 -0.255994 1.542644
v 1.570696 -0.255994 1.542644
v 1.570696 -0.255994 1.542644
v 1.607749 -0.209767 1.506241
v 1.607749 -0.209767 1.506241
v 1.607749 -0.209767 1.506241
v 1.589352 -0.265568 1.524576
v 1.589352 -0.265568 1.524576
v 1.589352 -0.265568 1.524576
v 1.589093 -0.265568 1.524309
v 1.589093 -0.265568 1.524309
v 1.589093 -0.265568 1.524309
v 1.615476 -0.232881 1.498757
v 1.615476 -0.232881 1.498757
v 1.615476 -0.232881 1.498757
v 1.570438 -0.255994 1.542377
v 1.570438 -0.255994 1.542377
v 1.570438 -0.255994 1.542377
v 1.615735 -0.232881 1.499024
v 1.615735 -0.232881 1.499024
v 1.615735 -0.232881 1.499024
v 1.562969 -0.232881 1.550128
v 1.562969 -0.232881 1.550128
v 1.562969 -0.232881 1.550128
v 1.562710 -0.232881 1.549861
v 1.562710 -0.232881 1.549861
v 1.562710 -0.232881 1.549861
v 1.589093 -0.200193 1.524309
v 1.589093 -0.200193 1.524309
v 1.589093 -0.200193 1.524309
v 1.608008 -0.209767 1.506508
v 1.608008 -0.209767 1.506508
v 1.608008 -0.209767 1.506508
v 1.589352 -0.200193 1.524576
v 1.589352 -0.200193 1.524576
v 1.589352 -0.200193 1.524576
v 1.570696 -0.209767 1.542644
v 1.570696 -0.209767 1.542644
v 1.570696 -0.209767 1.542644
v 1.570438 -0.209767 1.542377
v 1.570438 -0.209767 1.542377
v 1.570438 -0.209767 1.542377
v 1.607749 -0.255994 1.506241
v 1.607749 -0.255994 1.506241
v 1.607749 -0.255994 1.506241
v 1.608008 -0.255994 1.506508
v 1.608008 -0.255994 1.506508
v 1.608008 -0.255994 1.506508
v 1.580159 -0.221948 1.532742
v 1.576504 -0.232881 1.536282
v 1.580159 -0.243813 1.532742
v 1.588984 -0.248342 1.524196
v 1.597808 -0.243813 1.515649
v 1.601463 -0.232881 1.512109
v 1.581946 -0.221948 1.534587
v 1.581946 -0.221948 1.534587
v 1.581946 -0.221948 1.534587
v 1.580528 -0.221948 1.533122
v 1.580528 -0.221948 1.533122
v 1.580528 -0.221948 1.533122
v 1.578291 -0.232881 1.538127
v 1.578291 -0.232881 1.538127
v 1.578291 -0.232881 1.538127
v 1.576873 -0.232881 1.536662
v 1.576873 -0.232881 1.536662
v 1.576873 -0.232881 1.536662
v 1.581946 -0.243813 1.534587
v 1.581946 -0.243813 1.534587
v 1.581946 -0.243813 1.534587
v 1.580528 -0.243813 1.533122
v 1.580528 -0.243813 1.533122
v 1.580528 -0.243813 1.533122
v 1.590771 -0.248342 1.526041
v 1.590771 -0.248342 1.526041
v 1.590771 -0.248342 1.526041
v 1.589352 -0.248342 1.524576
v 1.589352 -0.248342 1.524576
v 1.589352 -0.248342 1.524576
v 1.599595 -0.243813 1.517495
v 1.599595 -0.243813 1.517495
v 1.599595 -0.243813 1.517495
v 1.598176 -0.243813 1.516030
v 1.598176 -0.243813 1.516030
v 1.598176 -0.243813 1.516030
v 1.603250 -0.232881 1.513955
v 1.603250 -0.232881 1.513955
v 1.603250 -0.232881 1.513955
v 1.601831 -0.232881 1.512490
v 1.601831 -0.232881 1.512490
v 1.601831 -0.232881 1.512490
v 1.599595 -0.221948 1.517495
v 1.599595 -0.221948 1.517495
v 1.599595 -0.221948 1.517495
v 1.598176 -0.221948 1.516030
v 1.598176 -0.221948 1.516030
v 1.598176 -0.221948 1.516030
v 1.590771 -0.217419 1.526041
v 1.590771 -0.217419 1.526041
v 1.590771 -0.217419 1.526041
v 1.589352 -0.217419 1.524576
v 1.589352 -0.217419 1.524576
v 1.589352 -0.217419 1.524576
v 1.588984 -0.217419 1.524196
v 1.597808 -0.221948 1.515649
v 1.570696 0.023170 1.542644
v 1.570696 0.023170 1.542644
v 1.570696 0.023170 1.542644
v 1.607749 0.069397 1.506241
v 1.607749 0.069397 1.506241
v 1.607749 0.069397 1.506241
v 1.589352 0.013596 1.524576
v 1.589352 0.013596 1.524576
v 1.589352 0.013596 1.524576
v 1.589093 0.013596 1.524309
v 1.589093 0.013596 1.524309
v 1.589093 0.013596 1.524309
v 1.615476 0.046284 1.498757
v 1.615476 0.046284 1.498757
v 1.615476 0.046284 1.498757
v 1.570438 0.023170 1.542377
v 1.570438 0.023170 1.542377
v 1.570438 0.023170 1.542377
v 1.615735 0.046284 1.499024
v 1.615735 0.046284 1.499024
v 1.615735 0.046284 1.499024
v 1.562969 0.046284 1.550128
v 1.562969 0.046284 1.550128
v 1.562969 0.046284 1.550128
v 1.562710 0.046284 1.549861
v 1.562710 0.046284 1.549861
v 1.562710 0.046284 1.549861
v 1.589093 0.078971 1.524309
v 1.589093 0.078971 1.524309
v 1.589093 0.078971 1.524309
v 1.608008 0.069397 1.506508
v 1.608008 0.069397 1.506508
v 1.608008 0.069397 1.506508
v 1.589352 0.078971 1.524576
v 1.589352 0.078971 1.524576
v 1.589352 0.078971 1.524576
v 1.570696 0.069397 1.542644
v 1.570696 0.069397 1.542644
v 1.570696 0.069397 1.542644
v 1.570438 0.069397 1.542377
v 1.570438 0.069397 1.542377
v 1.570438 0.069397 1.542377
v 1.607749 0.023170 1.506241
v 1.607749 0.023170 1.506241
v 1.607749 0.023170 1.506241
v 1.608008 0.023170 1.506508
v 1.608008 0.023170 1.506508
v 1.608008 0.023170 1.506508
v 1.580159 0.057216 1.532742
v 1.576504 0.046284 1.536282
v 1.580159 0.035351 1.532742
v 1.588984 0.030822 1.524196
v 1.597808 0.035351 1.515649
v 1.601463 0.046284 1.512109
v 1.581946 0.057216 1.534587
v 1.581946 0.057216 1.534587
v 1.581946 0.057216 1.534587
v 1.580528 0.057216 1.533123
v 1.580528 0.057216 1.533123
v 1.580528 0.057216 1.533123
v 1.578291 0.046284 1.538127
v 1.578291 0.046284 1.538127
v 1.578291 0.046284 1.538127
v 1.576873 0.046284 1.536662
v 1.576873 0.046284 1.536662
v 1.576873 0.046284 1.536662
v 1.581946 0.035351 1.534587
v 1.581946 0.035351 1.534587
v 1.581946 0.035351 1.534587
v 1.580528 0.035351 1.533122
v 1.580528 0.035351 1.533122
v 1.580528 0.035351 1.533122
v 1.590771 0.030822 1.526041
v 1.590771 0.030822 1.526041
v 1.590771 0.030822 1.526041
v 1.589352 0.030822 1.524576
v 1.589352 0.030822 1.524576
v 1.589352 0.030822 1.524576
v 1.599595 0.035351 1.517495
v 1.599595 0.035351 1.517495
v 1.599595 0.035351 1.517495
v 1.598176 0.035351 1.516030
v 1.598176 0.035351 1.516030
v 1.598176 0.035351 1.516030
v 1.603250 0.046284 1.513955
v 1.603250 0.046284 1.513955
v 1.603250 0.046284 1.513955
v 1.601831 0.046284 1.512490
v 1.601831 0.046284 1.512490
v 1.601831 0.046284 1.512490
v 1.599595 0.057216 1.517495
v 1.599595 0.057216 1.517495
v 1.599595 0.057216 1.517495
v 1.598176 0.057216 1.516030
v 1.598176 0.057216 1.516030
v 1.598176 0.057216 1.516030
v 1.590771 0.061745 1.526041
v 1.590771 0.061745 1.526041
v 1.590771 0.061745 1.526041
v 1.589352 0.061745 1.524576
v 1.589352 0.061745 1.524576
v 1.589352 0.061745 1.524576
v 1.588984 0.061745 1.524196
v 1.597808 0.057216 1.515649
vn 0.000000 -1.000000 -0.000000
vn 0.695706 0.000000 0.718327
vn -0.718321 0.000000 0.695712
vn 0.695706 -0.000000 0.718327
vn -0.000000 1.000000 0.000000
vn -0.718321 0.000000 0.695712
vn 0.000000 -1.000000 -0.000000
vn -0.695706 -0.000000 -0.718327
vn -0.718321 0.000000 0.695712
vn -0.000000 1.000000 0.000000
vn -0.718321 0.000000 0.695712
vn 0.718317 -0.000000 -0.695716
vn 0.000000 -1.000000 -0.000000
vn 0.695706 0.000000 0.718327
vn 0.718318 0.000000 -0.695715
vn 0.695706 0.000000 0.718327
vn -0.000000 1.000000 0.000000
vn 0.718317 -0.000000 -0.695716
vn 0.000000 -1.000000 -0.000000
vn -0.695706 0.000000 -0.718327
vn 0.718319 0.000000 -0.695714
vn -0.000000 1.000000 0.000000
vn 0.000000 -1.000000 -0.000000
vn -0.695706 -0.000000 -0.718327
vn 0.000000 -1.000000 -0.000000
vn -0.695706 0.000000 -0.718327
vn -0.695702 0.000000 -0.718331
vn -0.000000 1.000000 0.000000
vn -0.718308 -0.000000 0.695725
vn 0.718328 0.000000 -0.695704
vn -0.695706 0.000000 -0.718327
vn -0.000000 1.000000 0.000000
vn 0.000000 -1.000000 -0.000000
vn 0.695706 0.000000 0.718327
vn 0.000000 -1.000000 -0.000000
vn 0.695706 0.000000 0.718327
vn 0.695706 -0.000000 0.718327
vn -0.000000 1.000000 0.000000
vn 0.695706 0.000000 0.718327
vn -0.000000 1.000000 0.000000
vn 0.718328 0.000000 -0.695704
vn 0.000000 -1.000000 -0.000000
vn -0.695706 -0.000000 -0.718327
vn 0.000000 -1.000000 -0.000000
vn -0.695706 0.000000 -0.718327
vn -0.718328 -0.000000 0.695704
vn 0.000000 -1.000000 -0.000000
vn -0.695706 -0.000000 -0.718327
vn -0.718328 -0.000000 0.695704
vn -0.695706 0.000000 -0.718327
vn -0.000000 1.000000 0.000000
vn -0.718339 -0.000000 0.695694
vn 0.718288 0.000000 -0.695746
vn 0.000000 -1.000000 -0.000000
vn -0.695706 -0.000000 -0.718327
vn 0.695706 -0.000000 0.718327
vn 0.000000 -1.000000 -0.000000
vn -0.695706 0.000000 -0.718327
vn -0.718323 -0.000000 0.695710
vn 0.695706 0.000000 0.718327
vn -0.718320 -0.000000 0.695713
vn 0.695706 -0.000000 0.718327
vn 0.000000 -1.000000 -0.000000
vn -0.695706 0.000000 -0.718327
vn -0.718308 -0.000000 0.695725
vn 0.718317 0.000000 -0.695716
vn 0.695706 -0.000000 0.718327
vn 0.718319 0.000000 -0.695714
vn 0.000000 -1.000000 -0.000000
vn -0.695706 0.000000 -0.718327
vn 0.695706 0.000000 0.718327
vn -0.718319 0.000000 0.695714
vn 0.695706 -0.000000 0.718327
vn -0.718319 -0.000000 0.695714
vn -0.695706 0.000000 -0.718327
vn -0.000000 1.000000 0.000000
vn -0.718321 -0.000000 0.695712
vn 0.000000 -1.000000 -0.000000
vn -0.695706 -0.000000 -0.718327
vn -0.718323 0.000000 0.695710
vn 0.695706 0.000000 0.718327
vn 0.695706 -0.000000 0.718327
vn 0.718328 0.000000 -0.695704
vn 0.000000 -1.000000 -0.000000
vn -0.695706 -0.000000 -0.718327
vn 0.718308 0.000000 -0.695725
vn -0.695706 -0.000000 -0.718327
vn -0.000000 1.000000 0.000000
vn 0.718317 0.000000 -0.695716
vn 0.000000 -1.000000 -0.000000
vn -0.695706 -0.000000 -0.718327
vn 0.718319 0.000000 -0.695714
vn -0.695706 -0.000000 -0.718327
vn -0.000000 1.000000 0.000000
vn 0.718317 0.000000 -0.695716
vn 0.695706 -0.000000 0.718327
vn 0.718317 0.000000 -0.695716
vn 0.695706 0.000000 0.718327
vn 0.695706 0.000000 0.718327
vn 0.695706 0.000000 0.718327
vn 0.000000 -1.000000 -0.000000
vn -0.695706 -0.000000 -0.718327
vn -0.718288 -0.000000 0.695746
vn -0.695706 0.000000 -0.718327
vn -0.000000 1.000000 0.000000
vn -0.718288 -0.000000 0.695746
vn 0.695706 0.000000 0.718327
vn -0.718321 -0.000000 0.695712
vn 0.695706 0.000000 0.718327
vn -0.718319 -0.000000 0.695714
vn 0.718328 0.000000 -0.695704
vn -0.695706 -0.000000 -0.718327
vn -0.000000 1.000000 0.000000
vn 0.718328 0.000000 -0.695704
vn 0.000000 -1.000000 -0.000000
vn -0.695706 -0.000000 -0.718327
vn -0.695706 -0.000001 -0.718327
vn -0.000000 1.000000 0.000000
vn -0.718320 -0.000000 0.695713
vn 0.000000 -1.000000 -0.000000
vn -0.695706 -0.000000 -0.718327
vn -0.718322 -0.000000 0.695711
vn 0.695706 0.000000 0.718327
vn 0.695706 0.000000 0.718327
vn -0.695706 0.000000 -0.718327
vn -0.000000 1.000000 0.000000
vn -0.718328 0.000000 0.695704
vn 0.718328 0.000000 -0.695704
vn -0.695706 -0.000000 -0.718327
vn -0.000000 1.000000 0.000000
vn -0.695706 0.000000 -0.718327
vn -0.000000 1.000000 0.000000
vn -0.718328 -0.000000 0.695704
vn 0.718350 0.000000 -0.695682
vn -0.695706 0.000000 -0.718327
vn -0.000000 1.000000 0.000000
vn 0.718308 0.000000 -0.695725
vn 0.000000 -1.000000 -0.000000
vn -0.695706 -0.000000 -0.718327
vn 0.718328 0.000000 -0.695704
vn -0.695706 -0.000000 -0.718327
vn -0.000000 1.000000 0.000000
vn 0.000000 -1.000000 -0.000000
vn -0.695706 -0.000000 -0.718327
vn -0.718349 -0.000000 0.695683
vn 0.718328 0.000000 -0.695704
vn 0.000000 -1.000000 -0.000000
vn -0.695706 -0.000000 -0.718327
vn 0.000000 -1.000000 -0.000000
vn -0.695706 0.000000 -0.718327
vn -0.718308 -0.000000 0.695725
vn 0.718318 0.000000 -0.695715
vn 0.000000 -1.000000 -0.000000
vn -0.695706 0.000000 -0.718327
vn 0.718287 0.000000 -0.695747
vn -0.695706 -0.000000 -0.718327
vn -0.000000 1.000000 0.000000
vn -0.695706 -0.000000 -0.718327
vn -0.000000 1.000000 0.000000
vn -0.718308 -0.000000 0.695725
vn 0.000000 -1.000000 -0.000000
vn -0.695706 -0.000000 -0.718327
vn -0.718328 0.000000 0.695704
vn 0.718328 0.000000 -0.695704
vn 0.000000 -1.000000 -0.000000
vn -0.695706 -0.000000 -0.718327
vn 0.718328 0.000000 -0.695704
vn -0.695706 -0.000000 -0.718327
vn -0.000000 1.000000 0.000000
vn -0.695706 0.000000 -0.718327
vn -0.000000 1.000000 0.000000
vn -0.718349 -0.000000 0.695683
vn -0.693951 0.004191 -0.719992
vn -0.696781 0.008115 -0.717227
vn 0.248446 0.938278 -0.240641
vn 0.695707 -0.000002 0.718326
vn -0.248448 0.938278 0.240643
vn 0.248446 0.938278 -0.240641
vn 0.695705 0.000001 0.718328
vn -0.248448 0.938278 0.240643
vn 0.651209 0.421955 -0.630778
vn 0.248446 0.938278 -0.240642
vn 0.695705 -0.000003 0.718327
vn 0.651221 0.421958 -0.630764
vn 0.248446 0.938278 -0.240641
vn 0.695699 -0.000009 0.718333
vn 0.651209 -0.421955 -0.630778
vn 0.651197 0.421952 -0.630792
vn 0.695705 -0.000001 0.718327
vn 0.651195 -0.421958 -0.630791
vn 0.651209 0.421955 -0.630778
vn 0.695705 0.000000 0.718328
vn 0.651223 -0.421952 -0.630766
vn 0.248446 -0.938278 -0.240642
vn 0.695707 -0.000002 0.718325
vn 0.651209 -0.421955 -0.630778
vn 0.248446 -0.938278 -0.240642
vn 0.695699 0.000009 0.718333
vn 0.248447 -0.938278 -0.240642
vn 0.695707 -0.000005 0.718326
vn -0.248448 -0.938277 0.240643
vn 0.248446 -0.938278 -0.240642
vn 0.695705 -0.000001 0.718328
vn -0.248448 -0.938277 0.240643
vn 0.695705 0.000001 0.718327
vn -0.248448 -0.938277 0.240643
vn -0.651221 -0.421958 0.630764
vn 0.695705 -0.000005 0.718328
vn -0.248448 -0.938277 0.240643
vn -0.651222 -0.421957 0.630763
vn 0.695706 0.000001 0.718327
vn -0.651221 -0.421958 0.630764
vn -0.651221 0.421958 0.630764
vn 0.695706 0.000000 0.718327
vn -0.651221 -0.421958 0.630764
vn -0.651221 0.421958 0.630764
vn 0.695703 -0.000000 0.718330
vn -0.248448 0.938278 0.240643
vn -0.651221 0.421958 0.630763
vn 0.695705 0.000005 0.718328
vn -0.248448 0.938277 0.240643
vn -0.651221 0.421958 0.630764
vn -0.690492 0.001726 -0.723326
vn -0.693678 -0.002048 -0.720267
vn -0.694571 -0.008115 -0.719367
vn -0.697428 -0.004192 -0.716625
vn -0.700867 -0.001728 -0.713278
vn -0.697709 0.002047 -0.716363
vn 0.651314 -0.421955 -0.630669
vn 0.248456 -0.938277 -0.240636
vn 0.695706 -0.000002 0.718327
vn 0.651242 -0.421954 -0.630745
vn 0.248483 -0.938277 -0.240607
vn -0.691864 -0.006986 -0.721986
vn -0.699484 0.006985 -0.714606
vn -0.248427 0.938278 0.240663
vn -0.651238 0.421958 0.630746
vn 0.695705 -0.000001 0.718328
vn -0.248454 0.938278 0.240636
vn -0.651168 0.421959 0.630818
vn 0.248480 0.938278 -0.240608
vn 0.695705 0.000001 0.718327
vn -0.248481 0.938278 0.240608
vn 0.651238 0.421959 -0.630746
vn 0.248481 0.938278 -0.240608
vn 0.695706 -0.000003 0.718327
vn 0.248480 0.938278 -0.240608
vn -0.695210 0.009151 -0.718741
vn -0.248454 0.938278 0.240636
vn -0.701528 0.000726 -0.712632
vn -0.651238 -0.421958 0.630746
vn -0.651309 0.421956 0.630674
vn 0.695707 0.000001 0.718326
vn -0.651308 -0.421959 0.630673
vn -0.651238 0.421958 0.630746
vn 0.651242 -0.421954 -0.630745
vn 0.651167 0.421960 -0.630818
vn 0.695705 -0.000001 0.718328
vn -0.700140 -0.005960 -0.713972
vn -0.248429 -0.938277 0.240665
vn -0.651168 -0.421956 0.630819
vn 0.651170 -0.421952 -0.630821
vn 0.651238 0.421959 -0.630746
vn -0.689824 -0.000727 -0.723967
vn 0.248456 -0.938277 -0.240636
vn -0.696136 -0.009151 -0.717844
vn -0.248429 -0.938277 0.240665
vn 0.248429 -0.938277 -0.240665
vn 0.695707 -0.000003 0.718326
vn -0.248429 -0.938277 0.240665
vn 0.651308 0.421958 -0.630673
vn 0.248480 0.938278 -0.240608
vn -0.691210 0.005959 -0.722620
vn 0.695704 -0.000004 0.718328
vn -0.248429 -0.938277 0.240665
vn -0.651238 -0.421958 0.630746
vn -0.693949 0.004193 -0.719994
vn -0.696780 0.008118 -0.717227
vn 0.248461 0.938273 -0.240646
vn 0.695705 0.000000 0.718327
vn -0.248465 0.938274 0.240640
vn 0.248465 0.938274 -0.240640
vn 0.695706 -0.000001 0.718327
vn -0.248461 0.938273 0.240646
vn 0.651221 0.421959 -0.630763
vn 0.248457 0.938273 -0.240651
vn 0.695705 -0.000000 0.718328
vn 0.651221 0.421959 -0.630763
vn 0.248461 0.938273 -0.240646
vn 0.695716 0.000018 0.718317
vn 0.651221 -0.421958 -0.630764
vn 0.651220 0.421958 -0.630764
vn 0.695704 -0.000001 0.718329
vn 0.651221 -0.421958 -0.630764
vn 0.651221 0.421959 -0.630763
vn 0.695705 0.000000 0.718328
vn 0.651222 -0.421957 -0.630763
vn 0.248444 -0.938282 -0.240629
vn 0.695707 0.000001 0.718326
vn 0.651221 -0.421958 -0.630764
vn 0.248438 -0.938283 -0.240633
vn 0.695716 -0.000018 0.718317
vn 0.248449 -0.938282 -0.240624
vn 0.695706 0.000003 0.718327
vn -0.248443 -0.938282 0.240629
vn 0.248444 -0.938282 -0.240629
vn 0.695706 0.000001 0.718327
vn -0.248449 -0.938282 0.240625
vn 0.695707 0.000004 0.718326
vn -0.248438 -0.938283 0.240634
vn -0.651221 -0.421958 0.630764
vn 0.695710 0.000014 0.718323
vn -0.248443 -0.938282 0.240629
vn -0.651221 -0.421958 0.630764
vn 0.695707 -0.000002 0.718326
vn -0.651222 -0.421957 0.630763
vn -0.651221 0.421959 0.630763
vn 0.695704 0.000000 0.718329
vn -0.651221 -0.421958 0.630764
vn -0.651221 0.421959 0.630763
vn 0.695707 -0.000002 0.718326
vn -0.248461 0.938273 0.240646
vn -0.651220 0.421958 0.630764
vn 0.695710 -0.000014 0.718323
vn -0.248456 0.938273 0.240652
vn -0.651221 0.421959 0.630763
vn -0.690492 0.001728 -0.723327
vn -0.693677 -0.002048 -0.720268
vn -0.694570 -0.008117 -0.719368
vn -0.697428 -0.004193 -0.716625
vn -0.700872 -0.001728 -0.713273
vn -0.697710 0.002047 -0.716363
vn 0.651168 -0.421957 -0.630819
vn 0.248457 -0.938276 -0.240640
vn 0.695705 0.000000 0.718327
vn 0.651238 -0.421959 -0.630746
vn 0.248431 -0.938275 -0.240668
vn -0.691864 -0.006986 -0.721986
vn -0.699485 0.006986 -0.714604
vn -0.248480 0.938278 0.240608
vn -0.651239 0.421956 0.630746
vn 0.695707 -0.000003 0.718325
vn -0.248480 0.938278 0.240607
vn -0.651309 0.421955 0.630674
vn 0.248454 0.938278 -0.240635
vn 0.695706 -0.000002 0.718327
vn -0.248481 0.938278 0.240607
vn 0.651239 0.421956 -0.630746
vn 0.248427 0.938278 -0.240662
vn 0.695706 0.000001 0.718327
vn 0.248481 0.938278 -0.240608
vn -0.695208 0.009152 -0.718742
vn -0.248480 0.938278 0.240607
vn -0.701531 0.000725 -0.712628
vn -0.651238 -0.421959 0.630746
vn -0.651168 0.421958 0.630819
vn 0.695707 -0.000000 0.718326
vn -0.651168 -0.421957 0.630819
vn -0.651239 0.421956 0.630746
vn 0.651238 -0.421959 -0.630746
vn 0.651309 0.421955 -0.630674
vn 0.695704 -0.000001 0.718329
vn -0.700143 -0.005961 -0.713969
vn -0.248484 -0.938276 0.240612
vn -0.651308 -0.421960 0.630673
vn 0.651308 -0.421960 -0.630673
vn 0.651239 0.421956 -0.630746
vn -0.689824 -0.000726 -0.723967
vn 0.248457 -0.938276 -0.240640
vn -0.696135 -0.009153 -0.717845
vn -0.248484 -0.938276 0.240612
vn 0.248483 -0.938276 -0.240612
vn 0.695706 -0.000000 0.718326
vn -0.248484 -0.938276 0.240612
vn 0.651168 0.421958 -0.630819
vn 0.248454 0.938278 -0.240635
vn -0.691209 0.005962 -0.722622
vn 0.695707 0.000004 0.718326
vn -0.248483 -0.938276 0.240612
vn -0.651238 -0.421959 0.630746
vn -0.693951 0.004191 -0.719992
vn -0.696781 0.008115 -0.717227
vn 0.248459 0.938274 -0.240644
vn 0.695706 -0.000001 0.718327
vn -0.248464 0.938275 0.240638
vn 0.248464 0.938275 -0.240638
vn 0.695705 0.000001 0.718328
vn -0.248459 0.938274 0.240644
vn 0.651221 0.421957 -0.630764
vn 0.248455 0.938274 -0.240650
vn 0.695705 0.000001 0.718327
vn 0.651221 0.421957 -0.630764
vn 0.248459 0.938274 -0.240644
vn 0.695699 -0.000009 0.718333
vn 0.651221 -0.421958 -0.630763
vn 0.651222 0.421957 -0.630763
vn 0.695706 0.000001 0.718327
vn 0.651221 -0.421958 -0.630763
vn 0.651221 0.421957 -0.630764
vn 0.695705 0.000000 0.718327
vn 0.651220 -0.421959 -0.630764
vn 0.248445 -0.938281 -0.240630
vn 0.695703 -0.000000 0.718330
vn 0.651221 -0.421958 -0.630763
vn 0.248439 -0.938282 -0.240635
vn 0.695699 0.000009 0.718333
vn 0.248451 -0.938281 -0.240626
vn 0.695707 -0.000002 0.718326
vn -0.248445 -0.938282 0.240630
vn 0.248445 -0.938281 -0.240630
vn 0.695705 -0.000001 0.718328
vn -0.248451 -0.938281 0.240626
vn 0.695705 -0.000003 0.718327
vn -0.248439 -0.938282 0.240635
vn -0.651235 -0.421956 0.630751
vn 0.695705 -0.000005 0.718328
vn -0.248445 -0.938282 0.240630
vn -0.651221 -0.421958 0.630763
vn 0.695705 0.000001 0.718328
vn -0.651249 -0.421953 0.630738
vn -0.651236 0.421954 0.630751
vn 0.695706 0.000000 0.718327
vn -0.651235 -0.421956 0.630751
vn -0.651248 0.421957 0.630737
vn 0.695706 0.000002 0.718327
vn -0.248459 0.938274 0.240644
vn -0.651224 0.421951 0.630765
vn 0.695705 0.000005 0.718328
vn -0.248455 0.938274 0.240650
vn -0.651236 0.421954 0.630751
vn -0.690492 0.001726 -0.723326
vn -0.693679 -0.002046 -0.720266
vn -0.694573 -0.008114 -0.719365
vn -0.697428 -0.004192 -0.716625
vn -0.700867 -0.001728 -0.713278
vn -0.697709 0.002047 -0.716363
vn 0.651308 -0.421961 -0.630672
vn 0.248457 -0.938276 -0.240640
vn 0.695704 -0.000001 0.718328
vn 0.651238 -0.421959 -0.630745
vn 0.248484 -0.938276 -0.240612
vn -0.691866 -0.006983 -0.721984
vn -0.699484 0.006985 -0.714606
vn -0.248428 0.938277 0.240664
vn -0.651238 0.421957 0.630747
vn 0.695705 0.000002 0.718328
vn -0.248428 0.938277 0.240664
vn -0.651167 0.421958 0.630819
vn 0.248455 0.938277 -0.240637
vn 0.695706 0.000002 0.718327
vn -0.248428 0.938277 0.240664
vn 0.651238 0.421957 -0.630747
vn 0.248482 0.938277 -0.240610
vn 0.695704 -0.000002 0.718329
vn 0.248428 0.938277 -0.240664
vn -0.695210 0.009151 -0.718741
vn -0.248428 0.938277 0.240664
vn -0.701528 0.000726 -0.712632
vn -0.651238 -0.421959 0.630745
vn -0.651309 0.421955 0.630674
vn 0.695705 0.000000 0.718328
vn -0.651308 -0.421961 0.630672
vn -0.651238 0.421957 0.630747
vn 0.651238 -0.421959 -0.630745
vn 0.651167 0.421958 -0.630819
vn 0.695707 0.000001 0.718326
vn -0.700140 -0.005960 -0.713972
vn -0.248430 -0.938276 0.240667
vn -0.651168 -0.421958 0.630819
vn 0.651168 -0.421958 -0.630819
vn 0.651238 0.421957 -0.630747
vn -0.689825 -0.000726 -0.723966
vn 0.248457 -0.938276 -0.240640
vn -0.696137 -0.009151 -0.717843
vn -0.248430 -0.938276 0.240667
vn 0.248431 -0.938276 -0.240668
vn 0.695705 0.000001 0.718328
vn -0.248430 -0.938276 0.240667
vn 0.651309 0.421955 -0.630674
vn 0.248455 0.938277 -0.240637
vn -0.691210 0.005959 -0.722620
vn 0.695706 -0.000003 0.718327
vn -0.248430 -0.938276 0.240667
vn -0.651238 -0.421959 0.630745
vn 0.695706 0.000001 0.718327
vn -0.248481 -0.938277 0.240610
vn -0.651238 -0.421958 0.630746
vn 0.651167 0.421959 -0.630818
vn 0.248426 0.938278 -0.240663
vn -0.691210 0.005961 -0.722621
vn 0.248428 -0.938277 -0.240666
vn 0.695706 -0.000000 0.718326
vn -0.248455 -0.938277 0.240638
vn 0.248428 -0.938277 -0.240665
vn -0.696136 -0.009155 -0.717844
vn -0.248429 -0.938277 0.240666
vn 0.651308 -0.421959 -0.630673
vn 0.651238 0.421958 -0.630746
vn -0.689826 -0.000725 -0.723965
vn -0.700141 -0.005960 -0.713971
vn -0.248455 -0.938277 0.240638
vn -0.651308 -0.421959 0.630673
vn 0.651238 -0.421958 -0.630746
vn 0.651309 0.421956 -0.630674
vn 0.695704 -0.000001 0.718329
vn 0.695705 0.000001 0.718327
vn -0.651169 -0.421957 0.630819
vn -0.651238 0.421958 0.630746
vn -0.701530 0.000726 -0.712630
vn -0.651238 -0.421958 0.630746
vn -0.651167 0.421959 0.630818
vn 0.248426 0.938278 -0.240663
vn -0.695208 0.009156 -0.718742
vn -0.248454 0.938278 0.240635
vn 0.651238 0.421958 -0.630746
vn 0.248427 0.938278 -0.240662
vn 0.695706 0.000001 0.718327
vn 0.248426 0.938278 -0.240663
vn 0.695706 -0.000000 0.718326
vn -0.248427 0.938278 0.240662
vn 0.695706 -0.000001 0.718327
vn -0.248454 0.938278 0.240635
vn -0.651309 0.421956 0.630674
vn -0.699484 0.006986 -0.714605
vn -0.248481 0.938278 0.240608
vn -0.651238 0.421958 0.630746
vn 0.651238 -0.421958 -0.630746
vn 0.248428 -0.938277 -0.240665
vn -0.691864 -0.006988 -0.721985
vn 0.651169 -0.421957 -0.630819
vn 0.248428 -0.938277 -0.240665
vn 0.695705 0.000000 0.718328
vn -0.697710 0.002046 -0.716362
vn -0.700869 -0.001727 -0.713276
vn -0.697427 -0.004193 -0.716625
vn -0.694572 -0.008119 -0.719366
vn -0.693678 -0.002047 -0.720267
vn -0.690492 0.001728 -0.723327
vn 0.695705 0.000005 0.718328
vn -0.248458 0.938277 0.240633
vn -0.651233 0.421961 0.630749
vn 0.695706 -0.000001 0.718327
vn -0.248458 0.938277 0.240633
vn -0.651245 0.421964 0.630735
vn 0.695706 0.000000 0.718327
vn -0.651233 -0.421960 0.630750
vn -0.651221 0.421958 0.630764
vn 0.695705 -0.000001 0.718327
vn -0.651219 -0.421963 0.630762
vn -0.651233 0.421961 0.630749
vn 0.695705 -0.000005 0.718328
vn -0.248458 -0.938277 0.240633
vn -0.651247 -0.421958 0.630737
vn 0.695706 0.000002 0.718327
vn -0.248458 -0.938277 0.240633
vn -0.651233 -0.421960 0.630750
vn 0.248458 -0.938277 -0.240633
vn 0.695706 -0.000003 0.718326
vn -0.248458 -0.938277 0.240633
vn 0.248458 -0.938277 -0.240633
vn 0.695706 0.000000 0.718326
vn -0.248458 -0.938277 0.240633
vn 0.651233 -0.421960 -0.630750
vn 0.248458 -0.938277 -0.240633
vn 0.695707 -0.000004 0.718325
vn 0.651247 -0.421958 -0.630737
vn 0.248458 -0.938277 -0.240633
vn 0.695707 0.000001 0.718326
vn 0.651219 -0.421963 -0.630762
vn 0.651233 0.421961 -0.630749
vn 0.695706 0.000000 0.718326
vn 0.651233 -0.421960 -0.630750
vn 0.651221 0.421958 -0.630764
vn 0.695704 -0.000001 0.718329
vn 0.651245 0.421964 -0.630735
vn 0.248458 0.938277 -0.240633
vn 0.695707 0.000004 0.718325
vn 0.651233 0.421961 -0.630749
vn 0.248458 0.938277 -0.240633
vn 0.695705 -0.000000 0.718328
vn 0.248458 0.938277 -0.240633
vn 0.695706 0.000003 0.718326
vn -0.248458 0.938277 0.240633
vn 0.248458 0.938277 -0.240633
vn 0.695706 0.000000 0.718326
vn -0.248458 0.938277 0.240633
vn -0.696780 0.008118 -0.717227
vn -0.693949 0.004193 -0.719994
vn 0.695706 -0.000000 0.718327
vn -0.248486 -0.938276 0.240610
vn -0.651311 -0.421958 0.630671
vn 0.651309 0.421955 -0.630674
vn 0.248454 0.938278 -0.240636
vn -0.691210 0.005959 -0.722620
vn 0.248431 -0.938276 -0.240668
vn 0.695704 0.000001 0.718328
vn -0.248458 -0.938276 0.240639
vn 0.248458 -0.938276 -0.240640
vn -0.696137 -0.009156 -0.717843
vn -0.248431 -0.938276 0.240667
vn 0.651168 -0.421958 -0.630819
vn 0.651239 0.421956 -0.630746
vn -0.689825 -0.000726 -0.723966
vn -0.700142 -0.005961 -0.713970
vn -0.248458 -0.938276 0.240639
vn -0.651313 -0.421958 0.630669
vn 0.651238 -0.421959 -0.630746
vn 0.651168 0.421958 -0.630818
vn 0.695705 0.000000 0.718328
vn 0.695709 -0.000001 0.718324
vn -0.651308 -0.421958 0.630674
vn -0.651239 0.421953 0.630747
vn -0.701528 0.000723 -0.712632
vn -0.651311 -0.421958 0.630671
vn -0.651310 0.421952 0.630675
vn 0.248426 0.938278 -0.240663
vn -0.695208 0.009154 -0.718743
vn -0.248425 0.938279 0.240662
vn 0.651239 0.421956 -0.630746
vn 0.248481 0.938278 -0.240608
vn 0.695704 -0.000002 0.718329
vn 0.248454 0.938278 -0.240636
vn 0.695704 0.000001 0.718328
